The Hamiltonian of the problem:
ti([0,5]->[(0.995004,-0.0998334),...,(0.999598,-0.0283624)])*C^+(dn,0)C(dn,4) + ti([0,5]->[(0.995004,-0.0998334),...,(0.999598,-0.0283624)])*C^+(dn,0)C(dn,3) + ti([0,5]->[(0.995004,0.0998334),...,(0.999598,0.0283624)])*C^+(dn,0)C(dn,2) + ti([0,5]->[(0.995004,0.0998334),...,(0.999598,0.0283624)])*C^+(dn,0)C(dn,1) + (-1.5,0)*C^+(dn,0)C(dn,0) + (-1.5,0)*C^+(dn,1)C(dn,1) + ti([0,5]->[(0.995004,-0.0998334),...,(0.999598,-0.0283624)])*C^+(dn,1)C(dn,0) + (-1.5,0)*C^+(dn,2)C(dn,2) + ti([0,5]->[(0.995004,-0.0998334),...,(0.999598,-0.0283624)])*C^+(dn,2)C(dn,0) + (-1.5,0)*C^+(dn,3)C(dn,3) + ti([0,5]->[(0.995004,0.0998334),...,(0.999598,0.0283624)])*C^+(dn,3)C(dn,0) + (-1.5,0)*C^+(dn,4)C(dn,4) + ti([0,5]->[(0.995004,0.0998334),...,(0.999598,0.0283624)])*C^+(dn,4)C(dn,0) + ti([0,5]->[(0.995004,-0.0998334),...,(0.999598,-0.0283624)])*C^+(up,0)C(up,4) + ti([0,5]->[(0.995004,-0.0998334),...,(0.999598,-0.0283624)])*C^+(up,0)C(up,3) + ti([0,5]->[(0.995004,0.0998334),...,(0.999598,0.0283624)])*C^+(up,0)C(up,2) + ti([0,5]->[(0.995004,0.0998334),...,(0.999598,0.0283624)])*C^+(up,0)C(up,1) + (-1.5,0)*C^+(up,0)C(up,0) + (-1.5,0)*C^+(up,1)C(up,1) + ti([0,5]->[(0.995004,-0.0998334),...,(0.999598,-0.0283624)])*C^+(up,1)C(up,0) + (-1.5,0)*C^+(up,2)C(up,2) + ti([0,5]->[(0.995004,-0.0998334),...,(0.999598,-0.0283624)])*C^+(up,2)C(up,0) + (-1.5,0)*C^+(up,3)C(up,3) + ti([0,5]->[(0.995004,0.0998334),...,(0.999598,0.0283624)])*C^+(up,3)C(up,0) + (-1.5,0)*C^+(up,4)C(up,4) + ti([0,5]->[(0.995004,0.0998334),...,(0.999598,0.0283624)])*C^+(up,4)C(up,0) + (3,0)*C^+(dn,0)C^+(up,0)C(up,0)C(dn,0)
Found 36 invariant subspaces.
 Subspace 0 [1]: 0 
 Subspace 1 [5]: 1 2 4 8 16 
 Subspace 2 [10]: 3 5 6 9 10 12 17 18 20 24 
 Subspace 3 [10]: 7 11 13 14 19 21 22 25 26 28 
 Subspace 4 [5]: 15 23 27 29 30 
 Subspace 5 [1]: 31 
 Subspace 6 [5]: 32 64 128 256 512 
 Subspace 7 [25]: 33 34 36 40 48 65 66 68 72 80 129 130 132 136 144 257 258 260 264 272 513 514 516 520 528 
 Subspace 8 [50]: 35 37 38 41 42 44 49 50 52 56 67 69 70 73 74 76 81 82 84 88 131 133 134 137 138 140 145 146 148 152 259 261 262 265 266 268 273 274 276 280 515 517 518 521 522 524 529 530 532 536 
 Subspace 9 [50]: 39 43 45 46 51 53 54 57 58 60 71 75 77 78 83 85 86 89 90 92 135 139 141 142 147 149 150 153 154 156 263 267 269 270 275 277 278 281 282 284 519 523 525 526 531 533 534 537 538 540 
 Subspace 10 [25]: 47 55 59 61 62 79 87 91 93 94 143 151 155 157 158 271 279 283 285 286 527 535 539 541 542 
 Subspace 11 [5]: 63 95 159 287 543 
 Subspace 12 [10]: 96 160 192 288 320 384 544 576 640 768 
 Subspace 13 [50]: 97 98 100 104 112 161 162 164 168 176 193 194 196 200 208 289 290 292 296 304 321 322 324 328 336 385 386 388 392 400 545 546 548 552 560 577 578 580 584 592 641 642 644 648 656 769 770 772 776 784 
 Subspace 14 [100]: 99 101 102 105 106 108 113 114 116 120 163 165 166 169 170 172 177 178 180 184 195 197 198 201 202 204 209 210 212 216 291 293 294 297 298 300 305 306 308 312 323 325 326 329 330 332 337 338 340 344 387 389 390 393 394 396 401 402 404 408 547 549 550 553 554 556 561 562 564 568 579 581 582 585 586 588 593 594 596 600 643 645 646 649 650 652 657 658 660 664 771 773 774 777 778 780 785 786 788 792 
 Subspace 15 [100]: 103 107 109 110 115 117 118 121 122 124 167 171 173 174 179 181 182 185 186 188 199 203 205 206 211 213 214 217 218 220 295 299 301 302 307 309 310 313 314 316 327 331 333 334 339 341 342 345 346 348 391 395 397 398 403 405 406 409 410 412 551 555 557 558 563 565 566 569 570 572 583 587 589 590 595 597 598 601 602 604 647 651 653 654 659 661 662 665 666 668 775 779 781 782 787 789 790 793 794 796 
 Subspace 16 [50]: 111 119 123 125 126 175 183 187 189 190 207 215 219 221 222 303 311 315 317 318 335 343 347 349 350 399 407 411 413 414 559 567 571 573 574 591 599 603 605 606 655 663 667 669 670 783 791 795 797 798 
 Subspace 17 [10]: 127 191 223 319 351 415 575 607 671 799 
 Subspace 18 [10]: 224 352 416 448 608 672 704 800 832 896 
 Subspace 19 [50]: 225 226 228 232 240 353 354 356 360 368 417 418 420 424 432 449 450 452 456 464 609 610 612 616 624 673 674 676 680 688 705 706 708 712 720 801 802 804 808 816 833 834 836 840 848 897 898 900 904 912 
 Subspace 20 [100]: 227 229 230 233 234 236 241 242 244 248 355 357 358 361 362 364 369 370 372 376 419 421 422 425 426 428 433 434 436 440 451 453 454 457 458 460 465 466 468 472 611 613 614 617 618 620 625 626 628 632 675 677 678 681 682 684 689 690 692 696 707 709 710 713 714 716 721 722 724 728 803 805 806 809 810 812 817 818 820 824 835 837 838 841 842 844 849 850 852 856 899 901 902 905 906 908 913 914 916 920 
 Subspace 21 [100]: 231 235 237 238 243 245 246 249 250 252 359 363 365 366 371 373 374 377 378 380 423 427 429 430 435 437 438 441 442 444 455 459 461 462 467 469 470 473 474 476 615 619 621 622 627 629 630 633 634 636 679 683 685 686 691 693 694 697 698 700 711 715 717 718 723 725 726 729 730 732 807 811 813 814 819 821 822 825 826 828 839 843 845 846 851 853 854 857 858 860 903 907 909 910 915 917 918 921 922 924 
 Subspace 22 [50]: 239 247 251 253 254 367 375 379 381 382 431 439 443 445 446 463 471 475 477 478 623 631 635 637 638 687 695 699 701 702 719 727 731 733 734 815 823 827 829 830 847 855 859 861 862 911 919 923 925 926 
 Subspace 23 [10]: 255 383 447 479 639 703 735 831 863 927 
 Subspace 24 [5]: 480 736 864 928 960 
 Subspace 25 [25]: 481 482 484 488 496 737 738 740 744 752 865 866 868 872 880 929 930 932 936 944 961 962 964 968 976 
 Subspace 26 [50]: 483 485 486 489 490 492 497 498 500 504 739 741 742 745 746 748 753 754 756 760 867 869 870 873 874 876 881 882 884 888 931 933 934 937 938 940 945 946 948 952 963 965 966 969 970 972 977 978 980 984 
 Subspace 27 [50]: 487 491 493 494 499 501 502 505 506 508 743 747 749 750 755 757 758 761 762 764 871 875 877 878 883 885 886 889 890 892 935 939 941 942 947 949 950 953 954 956 967 971 973 974 979 981 982 985 986 988 
 Subspace 28 [25]: 495 503 507 509 510 751 759 763 765 766 879 887 891 893 894 943 951 955 957 958 975 983 987 989 990 
 Subspace 29 [5]: 511 767 895 959 991 
 Subspace 30 [1]: 992 
 Subspace 31 [5]: 993 994 996 1000 1008 
 Subspace 32 [10]: 995 997 998 1001 1002 1004 1009 1010 1012 1016 
 Subspace 33 [10]: 999 1003 1005 1006 1011 1013 1014 1017 1018 1020 
 Subspace 34 [5]: 1007 1015 1019 1021 1022 
 Subspace 35 [1]: 1023 
The Hamiltonian is static on the following invariant subspaces
 0 5 30 35 
Subspace branching for the initial state:
 0 -> 29 
 1 -> 34 
Processing world lines (4 in total):
[0] (1,0) <29|C^+(up,0)|23><23|C(up,0)|29> weighted_state 0
[1] (1,0) <34|C^+(up,0)|28><28|C(up,0)|34> weighted_state 1
[2] (1,0) <29|C^+(dn,0)|28><28|C(dn,0)|29> weighted_state 0
[3] (1,0) <34|C^+(dn,0)|33><33|C(dn,0)|34> weighted_state 1
Done
The Hamiltonian of the problem:
ti([0,5]->[(0.995004,-0.0998334),...,(0.999598,-0.0283624)])*C^+(dn,0)C(dn,4) + ti([0,5]->[(0.995004,-0.0998334),...,(0.999598,-0.0283624)])*C^+(dn,0)C(dn,3) + ti([0,5]->[(0.995004,0.0998334),...,(0.999598,0.0283624)])*C^+(dn,0)C(dn,2) + ti([0,5]->[(0.995004,0.0998334),...,(0.999598,0.0283624)])*C^+(dn,0)C(dn,1) + (-1.5,0)*C^+(dn,0)C(dn,0) + (-1.5,0)*C^+(dn,1)C(dn,1) + ti([0,5]->[(0.995004,-0.0998334),...,(0.999598,-0.0283624)])*C^+(dn,1)C(dn,0) + (-1.5,0)*C^+(dn,2)C(dn,2) + ti([0,5]->[(0.995004,-0.0998334),...,(0.999598,-0.0283624)])*C^+(dn,2)C(dn,0) + (-1.5,0)*C^+(dn,3)C(dn,3) + ti([0,5]->[(0.995004,0.0998334),...,(0.999598,0.0283624)])*C^+(dn,3)C(dn,0) + (-1.5,0)*C^+(dn,4)C(dn,4) + ti([0,5]->[(0.995004,0.0998334),...,(0.999598,0.0283624)])*C^+(dn,4)C(dn,0) + ti([0,5]->[(0.995004,-0.0998334),...,(0.999598,-0.0283624)])*C^+(up,0)C(up,4) + ti([0,5]->[(0.995004,-0.0998334),...,(0.999598,-0.0283624)])*C^+(up,0)C(up,3) + ti([0,5]->[(0.995004,0.0998334),...,(0.999598,0.0283624)])*C^+(up,0)C(up,2) + ti([0,5]->[(0.995004,0.0998334),...,(0.999598,0.0283624)])*C^+(up,0)C(up,1) + (-1.5,0)*C^+(up,0)C(up,0) + (-1.5,0)*C^+(up,1)C(up,1) + ti([0,5]->[(0.995004,-0.0998334),...,(0.999598,-0.0283624)])*C^+(up,1)C(up,0) + (-1.5,0)*C^+(up,2)C(up,2) + ti([0,5]->[(0.995004,-0.0998334),...,(0.999598,-0.0283624)])*C^+(up,2)C(up,0) + (-1.5,0)*C^+(up,3)C(up,3) + ti([0,5]->[(0.995004,0.0998334),...,(0.999598,0.0283624)])*C^+(up,3)C(up,0) + (-1.5,0)*C^+(up,4)C(up,4) + ti([0,5]->[(0.995004,0.0998334),...,(0.999598,0.0283624)])*C^+(up,4)C(up,0) + (3,0)*C^+(dn,0)C^+(up,0)C(up,0)C(dn,0)
Found 36 invariant subspaces.
 Subspace 0 [1]: 0 
 Subspace 1 [5]: 1 2 4 8 16 
 Subspace 2 [10]: 3 5 6 9 10 12 17 18 20 24 
 Subspace 3 [10]: 7 11 13 14 19 21 22 25 26 28 
 Subspace 4 [5]: 15 23 27 29 30 
 Subspace 5 [1]: 31 
 Subspace 6 [5]: 32 64 128 256 512 
 Subspace 7 [25]: 33 34 36 40 48 65 66 68 72 80 129 130 132 136 144 257 258 260 264 272 513 514 516 520 528 
 Subspace 8 [50]: 35 37 38 41 42 44 49 50 52 56 67 69 70 73 74 76 81 82 84 88 131 133 134 137 138 140 145 146 148 152 259 261 262 265 266 268 273 274 276 280 515 517 518 521 522 524 529 530 532 536 
 Subspace 9 [50]: 39 43 45 46 51 53 54 57 58 60 71 75 77 78 83 85 86 89 90 92 135 139 141 142 147 149 150 153 154 156 263 267 269 270 275 277 278 281 282 284 519 523 525 526 531 533 534 537 538 540 
 Subspace 10 [25]: 47 55 59 61 62 79 87 91 93 94 143 151 155 157 158 271 279 283 285 286 527 535 539 541 542 
 Subspace 11 [5]: 63 95 159 287 543 
 Subspace 12 [10]: 96 160 192 288 320 384 544 576 640 768 
 Subspace 13 [50]: 97 98 100 104 112 161 162 164 168 176 193 194 196 200 208 289 290 292 296 304 321 322 324 328 336 385 386 388 392 400 545 546 548 552 560 577 578 580 584 592 641 642 644 648 656 769 770 772 776 784 
 Subspace 14 [100]: 99 101 102 105 106 108 113 114 116 120 163 165 166 169 170 172 177 178 180 184 195 197 198 201 202 204 209 210 212 216 291 293 294 297 298 300 305 306 308 312 323 325 326 329 330 332 337 338 340 344 387 389 390 393 394 396 401 402 404 408 547 549 550 553 554 556 561 562 564 568 579 581 582 585 586 588 593 594 596 600 643 645 646 649 650 652 657 658 660 664 771 773 774 777 778 780 785 786 788 792 
 Subspace 15 [100]: 103 107 109 110 115 117 118 121 122 124 167 171 173 174 179 181 182 185 186 188 199 203 205 206 211 213 214 217 218 220 295 299 301 302 307 309 310 313 314 316 327 331 333 334 339 341 342 345 346 348 391 395 397 398 403 405 406 409 410 412 551 555 557 558 563 565 566 569 570 572 583 587 589 590 595 597 598 601 602 604 647 651 653 654 659 661 662 665 666 668 775 779 781 782 787 789 790 793 794 796 
 Subspace 16 [50]: 111 119 123 125 126 175 183 187 189 190 207 215 219 221 222 303 311 315 317 318 335 343 347 349 350 399 407 411 413 414 559 567 571 573 574 591 599 603 605 606 655 663 667 669 670 783 791 795 797 798 
 Subspace 17 [10]: 127 191 223 319 351 415 575 607 671 799 
 Subspace 18 [10]: 224 352 416 448 608 672 704 800 832 896 
 Subspace 19 [50]: 225 226 228 232 240 353 354 356 360 368 417 418 420 424 432 449 450 452 456 464 609 610 612 616 624 673 674 676 680 688 705 706 708 712 720 801 802 804 808 816 833 834 836 840 848 897 898 900 904 912 
 Subspace 20 [100]: 227 229 230 233 234 236 241 242 244 248 355 357 358 361 362 364 369 370 372 376 419 421 422 425 426 428 433 434 436 440 451 453 454 457 458 460 465 466 468 472 611 613 614 617 618 620 625 626 628 632 675 677 678 681 682 684 689 690 692 696 707 709 710 713 714 716 721 722 724 728 803 805 806 809 810 812 817 818 820 824 835 837 838 841 842 844 849 850 852 856 899 901 902 905 906 908 913 914 916 920 
 Subspace 21 [100]: 231 235 237 238 243 245 246 249 250 252 359 363 365 366 371 373 374 377 378 380 423 427 429 430 435 437 438 441 442 444 455 459 461 462 467 469 470 473 474 476 615 619 621 622 627 629 630 633 634 636 679 683 685 686 691 693 694 697 698 700 711 715 717 718 723 725 726 729 730 732 807 811 813 814 819 821 822 825 826 828 839 843 845 846 851 853 854 857 858 860 903 907 909 910 915 917 918 921 922 924 
 Subspace 22 [50]: 239 247 251 253 254 367 375 379 381 382 431 439 443 445 446 463 471 475 477 478 623 631 635 637 638 687 695 699 701 702 719 727 731 733 734 815 823 827 829 830 847 855 859 861 862 911 919 923 925 926 
 Subspace 23 [10]: 255 383 447 479 639 703 735 831 863 927 
 Subspace 24 [5]: 480 736 864 928 960 
 Subspace 25 [25]: 481 482 484 488 496 737 738 740 744 752 865 866 868 872 880 929 930 932 936 944 961 962 964 968 976 
 Subspace 26 [50]: 483 485 486 489 490 492 497 498 500 504 739 741 742 745 746 748 753 754 756 760 867 869 870 873 874 876 881 882 884 888 931 933 934 937 938 940 945 946 948 952 963 965 966 969 970 972 977 978 980 984 
 Subspace 27 [50]: 487 491 493 494 499 501 502 505 506 508 743 747 749 750 755 757 758 761 762 764 871 875 877 878 883 885 886 889 890 892 935 939 941 942 947 949 950 953 954 956 967 971 973 974 979 981 982 985 986 988 
 Subspace 28 [25]: 495 503 507 509 510 751 759 763 765 766 879 887 891 893 894 943 951 955 957 958 975 983 987 989 990 
 Subspace 29 [5]: 511 767 895 959 991 
 Subspace 30 [1]: 992 
 Subspace 31 [5]: 993 994 996 1000 1008 
 Subspace 32 [10]: 995 997 998 1001 1002 1004 1009 1010 1012 1016 
 Subspace 33 [10]: 999 1003 1005 1006 1011 1013 1014 1017 1018 1020 
 Subspace 34 [5]: 1007 1015 1019 1021 1022 
 Subspace 35 [1]: 1023 
The Hamiltonian is static on the following invariant subspaces
 0 5 30 35 
Subspace branching for the initial state:
 0 -> 29 
 1 -> 34 
Processing world lines (2 in total):
[0] (1,0) <29|C(up,0)|35><35|C^+(up,0)|29> weighted_state 0
[1] (1,0) <34|C(dn,0)|35><35|C^+(dn,0)|34> weighted_state 1
Done
[[ 0.+1.99000833j -0.+0.j        ]
 [-0.+0.j          0.+1.99000833j]]
[[-0.04058542-0.68344344j -0.        +0.j        ]
 [-0.        +0.j         -0.04058542-0.68344344j]]
[[ 1.17433455+0.36009787j -0.        +0.j        ]
 [-0.        +0.j          1.17433455+0.36009787j]]
[[ 0.+0.7592119j -0.+0.j       ]
 [-0.+0.j         0.+0.7592119j]]
D is Hermitian: False
E is Hermitian: False
C1 is Hermitian: False
gf_imp is Hermitian: True
g_impeps is Hermitian: False
epsg_impeps is Hermitian: True
C is Hermitian: False
delta is Hermitian: True
Q is Hermitian: False
